recall
[0.15688553 0.1273743  0.10127085 0.22621564 0.37068461 0.16994701
 0.25270734 0.15650678 0.17592233 0.20495627 0.25432467]
precision
[0.16738996 0.02347128 0.09458457 0.26519901 0.40437246 0.10004456
 0.45289941 0.13072626 0.09960422 0.16580189 0.30686748]
F1_Score
[0.16196761 0.03963839 0.09781358 0.24416107 0.38679641 0.1259467
 0.32440451 0.14245956 0.1271936  0.1833116  0.27813636]
accuracy_norm
0.24537909192672072
accuracy
17975
cfsn_mtrx
[[ 270  147   61  239   80   28  248  242  131  179   96]
 [  17  114   54   14    0  119  236   95  197   41    8]
 [  41  320  255  176  189  205  553  282  198  106  193]
 [  75  631  285 1819  834 1087  561  569  414  320 1446]
 [ 322  417  195 1163 5068 1817  781  420  489  403 2597]
 [ 153  198  143  501  949  898  488  180  389  252 1133]
 [ 388 1244  840 1259  890 1444 3827 1653  977  964 1658]
 [  44  272  188  453  565  606  501  819  349  527  909]
 [  40  240  187   42  268  251  353  319  453  149  273]
 [  39  660   85  259  296   83  281  465  404  703  155]
 [ 224  614  403  934 3394 2438  621 1221  547  596 3749]]
labels
['cel' 'cla' 'flu' 'gac' 'gel' 'org' 'pia' 'sax' 'tru' 'vio' 'voi']
