recall
[0.13712958 0.12290503 0.11358221 0.23964681 0.3510825  0.15594247
 0.30394876 0.17523409 0.13631068 0.19941691 0.27698257]
precision
[0.11648569 0.02893975 0.10768072 0.25272131 0.41713739 0.08898488
 0.4791298  0.1544031  0.09532863 0.14094375 0.3320052 ]
F1_Score
[0.12596744 0.04684838 0.11055276 0.24601047 0.38127011 0.11331133
 0.37194457 0.1641604  0.11219434 0.16515755 0.30200821]
accuracy_norm
0.2569279493269992
accuracy
18821
cfsn_mtrx
[[ 236  100   74  332   51   46  259  221   56  183  163]
 [ 105  110   56   21    3   82  208   95  163   50    2]
 [ 134  318  286  190  106  226  618  222  157  122  139]
 [  75  533  470 1927  692 1195  656  463  308  297 1425]
 [ 327  332  205 1291 4800 1824  802  409  615  530 2537]
 [ 185  139  149  486  866  824  544  176  441  438 1036]
 [ 405  783  589 1229  804 1489 4603 1637  818 1125 1662]
 [ 106  218  120  559  505  506  566  917  254  685  797]
 [ 128  264  110   92  258  320  335  315  351  139  263]
 [ 127  482  155  513  158  107  459  473   81  684  191]
 [ 198  522  442  985 3264 2641  557 1011  438  600 4083]]
labels
['cel' 'cla' 'flu' 'gac' 'gel' 'org' 'pia' 'sax' 'tru' 'vio' 'voi']
