recall
[0.1929111  0.1027933  0.13224782 0.17423206 0.25811878 0.12093111
 0.21797412 0.14848079 0.12893204 0.17900875 0.15317821]
precision
[0.05026495 0.01553267 0.05997839 0.22714008 0.36381443 0.09888579
 0.41737261 0.11389622 0.06472997 0.1022311  0.32358842]
F1_Score
[0.07975018 0.02698739 0.08252788 0.19719896 0.30198528 0.108803
 0.28638355 0.12890917 0.08618899 0.13013989 0.20792854]
accuracy_norm
0.1857645998853305
accuracy
13608
cfsn_mtrx
[[ 332  167   98  215   85   70  182  260  117  134   61]
 [ 184   92   97   34   19   35  159  102  107   65    1]
 [ 231  411  333  164  125  154  461  262  178  131   68]
 [ 422  737  817 1401  781  847  697  662  391  454  832]
 [1252  683  670  998 3529 1336  717  803 1014 1000 1670]
 [ 669  298  311  412  661  639  568  335  433  468  490]
 [1241 1544 1337 1121  909  956 3301 1616  970 1297  852]
 [ 397  451  347  388  423  346  551  777  408  666  479]
 [ 278  327  303  100  175  149  295  266  332  173  177]
 [ 516  417  207  297  217  135  321  405  211  614   90]
 [1083  796 1032 1038 2776 1795  657 1334  968 1004 2258]]
labels
['cel' 'cla' 'flu' 'gac' 'gel' 'org' 'pia' 'sax' 'tru' 'vio' 'voi']
