recall
[0.26150262 0.07374302 0.1236089  0.09780713 0.38555539 0.26420455
 0.28544974 0.01243543 0.02991453 0.20198482 0.17770389]
precision
[0.13182619 0.03174603 0.19197531 0.20961282 0.3219086  0.09284526
 0.33133733 0.02925293 0.05959752 0.0987302  0.35425402]
F1_Score
[0.17528792 0.04438467 0.15038685 0.13337864 0.35086902 0.13740458
 0.30668656 0.01745201 0.03983445 0.13263057 0.23668158]
accuracy_norm
0.21922525107604018
accuracy
16044
cfsn_mtrx
[[ 449   76   68  171   52   81  444   54   32  233   57]
 [  50   66   88   25  119   83  294   26   32  102   10]
 [ 137   86  311   30  222  269  920   32   62  262  185]
 [ 265  152  208  785 1370 1260 2095  532  164  367  828]
 [ 440  124   90  482 5269 2927 1082  307  294 1090 1561]
 [ 142  216  100  183 1454 1395  793   78   72  355  492]
 [ 584  475  251  765 1721 3843 4316  269  187 1715  994]
 [ 131   54   11  129 1468 1519  618   65   92  885  255]
 [  69  114  109   39  349  550  392   57   77  543  275]
 [ 552  449  102  125  217  119  780  206   67  692  117]
 [ 587  267  282 1011 4127 2979 1292  596  213  765 2619]]
labels
['cel' 'cla' 'flu' 'gac' 'gel' 'org' 'pia' 'sax' 'tru' 'vio' 'voi']
