recall
[0.20221843 0.17176871 0.07181054 0.16356108 0.30169972 0.12970603
 0.05622146 0.09899406 0.05044955 0.14888986 0.21066033]
precision
[0.07542966 0.03631787 0.03669009 0.14305835 0.30496644 0.05792262
 0.30261137 0.12084845 0.04724041 0.11495798 0.25870336]
F1_Score
[0.10987483 0.05995844 0.04856626 0.15262424 0.30332428 0.08008279
 0.09482551 0.10883499 0.04879227 0.12974203 0.23222305]
accuracy_norm
0.16810127527680788
accuracy
9003
cfsn_mtrx
[[ 237  154   87   86   58   54   90   69   16  179  142]
 [  26  101   23   48   67   49  113   29   32   36   64]
 [  38  171   94  106  134  145  129  130   77   87  198]
 [ 156  193  176  711  895  600   74  224  153  221  944]
 [ 518  356  368  564 3408 1909  225  534  646  617 2151]
 [  63  165  181  426  900  503   87  191  161  204  997]
 [ 690  658  598 1435 1484 2001  591 1078  204  303 1470]
 [ 194  146  179  564 1370  666   52  433   36  113  621]
 [  13  177  177  149  322  415  122  189  101   57  280]
 [ 538  283  131   80  119  155  136  202   66  342  245]
 [ 669  377  548  801 2418 2187  334  504  646  816 2482]]
labels
['cel' 'cla' 'flu' 'gac' 'gel' 'org' 'pia' 'sax' 'tru' 'vio' 'voi']
