recall
[0.15933044 0.05300353 0.07810443 0.12762329 0.27771982 0.10178466
 0.33468305 0.07761839 0.04832268 0.0881551  0.16642607]
precision
[0.1127193  0.01696193 0.06883217 0.13951821 0.32547376 0.06630046
 0.25103419 0.08169597 0.05828516 0.15628357 0.26879094]
F1_Score
[0.13203185 0.0256996  0.07317575 0.13330593 0.29970649 0.08029705
 0.28688549 0.079605   0.05283843 0.11272516 0.20557018]
accuracy_norm
0.19421364775156053
accuracy
13721
cfsn_mtrx
[[ 257   71   77  119   37   48  583  202   45  107   67]
 [  33   45   46   26   29   11  433   33   81   10  102]
 [  41  114  178  187  106  153 1145   60  156   41   98]
 [ 128  180  237  973  692  770 3129  323  218  156  818]
 [ 268  485  442 1116 3727 1700 2265  919  369  291 1838]
 [  66  194  183  573  963  519 1146  315  156  135  849]
 [ 576  584  521 1704 1472 1596 4794  945  283  328 1521]
 [ 132  158   57  496 1229  593  835  395   97  178  919]
 [  53  131  167  129  369  385  595  225  121   23  306]
 [ 448  231  108   78  155  151 1144  493  134  291   68]
 [ 278  460  570 1573 2672 1902 3028  925  416  302 2421]]
labels
['cel' 'cla' 'flu' 'gac' 'gel' 'org' 'pia' 'sax' 'tru' 'vio' 'voi']
