recall
[0.3447099  0.03571429 0.06493506 0.05659075 0.35871105 0.29602888
 0.05945586 0.00937357 0.02347652 0.24205485 0.47784756]
precision
[0.18338629 0.02205882 0.1328125  0.12576687 0.33215837 0.09046493
 0.50080128 0.06902357 0.07642276 0.15237051 0.33489977]
F1_Score
[0.23940741 0.02727273 0.08722422 0.07805807 0.34492445 0.1385804
 0.10629252 0.01650564 0.03591899 0.18701648 0.39380268]
accuracy_norm
0.2400246466381612
accuracy
12855
cfsn_mtrx
[[ 404   73   45  127   28   97   31    9    9  169  180]
 [  40   21   28   63  117   56   48    9   26   88   92]
 [  82   25   85   64  207  317   50    5   50  127  297]
 [  97   38   56  246  795  990   35   45   50  146 1849]
 [ 178   32   25  172 4052 2222  137  127   90  371 3890]
 [  28   12   31   58  933 1148   41   36   33  170 1388]
 [ 346  299  160  613 1587 3428  625  175  138  902 2239]
 [  65   21    4  121 1576 1410   15   41   62  474  585]
 [  45   31   38   61  366  685   40   15   47  308  366]
 [ 498  319   64   73  100  133  146   82   31  556  295]
 [ 420   81  104  358 2438 2204   80   50   79  338 5630]]
labels
['cel' 'cla' 'flu' 'gac' 'gel' 'org' 'pia' 'sax' 'tru' 'vio' 'voi']
