recall
[0.24550527 0.05064782 0.04431768 0.07056663 0.43159463 0.13630124
 0.28721028 0.00569857 0.01837061 0.19236595 0.2753145 ]
precision
[0.14715719 0.03598326 0.13065977 0.09306348 0.32922185 0.06832481
 0.25189811 0.08868502 0.09387755 0.16088168 0.35292563]
F1_Score
[0.18401487 0.04207436 0.06618611 0.08026856 0.37352078 0.0910222
 0.2683977  0.01070901 0.03072812 0.17522075 0.30932612]
accuracy_norm
0.23204857818228142
accuracy
16394
cfsn_mtrx
[[ 396   28   58  188   43   69  470   21    2  248   90]
 [  46   43   23   70  135   42  317    8   16   90   59]
 [ 114   47  101   66  323  330  954    4   24   99  217]
 [ 200   83   84  538 1353  791 2998   38   40  179 1320]
 [ 278   85   24  878 5792 1661 1765   41  128  358 2410]
 [  57   83   52  346 1458  695 1081   10   44  203 1070]
 [ 469  317  143 1669 1991 3067 4114   67   86  979 1422]
 [  59   39   11  740 1739  991  640   29   30  468  343]
 [  39   75   45  132  433  615  507    7   46  330  275]
 [ 621  265   74  118  194  129 1068   51    9  635  137]
 [ 412  130  158 1036 4132 1782 2418   51   65  358 4005]]
labels
['cel' 'cla' 'flu' 'gac' 'gel' 'org' 'pia' 'sax' 'tru' 'vio' 'voi']
